000110000000000010000000000000000000
000000000000000011100000000000000000
000110000000000010010000000000000100
000000000000000010010000000000000000
000000000000000010010000000000001000
000000000000000011100000000000000000
000000100000000000000000000000000000
000000000000011110111100000000000000
000000000000100001000010000000000000
000000000001000001000001000000000000
000000000010000001000000100000000000
000000000100000001000000010000000000
000000001000000000000000000000000000
000000000100000000000000000000000000
000000000100000000000000000000000000
000000000011110000000000000000000000
000000000011110000000000000000000000
000000000000001000000000000000000000
